6.210854,
6.527396,
6.908083,
7.241042,
7.629937,
7.965292,
8.355937,
8.682875,
8.791625,
9.078375,
9.427854,
9.805250,
10.129625,
10.455854,
10.945667,
11.151729,
11.478958,
11.841167,
12.193833,
12.566062,
12.900333,
13.260896,
13.595771,
13.667438,
13.947313,
14.317750,
14.680229,
15.032354,
15.095854,
15.362354,
16.102563,
16.400562,
16.815396,
17.160479,
17.237521,
17.481667,
17.864583,
18.211521,
18.586854,
18.925667,
19.235208,
19.353813,
19.984333,
20.336833,
20.662417,
21.341833,
21.710375,
22.405604,
