8.033000,
8.159688,
8.363979,
8.434833,
8.506125,
8.567813,
8.681625,
8.851125,
8.948417,
9.134458,
9.239167,
9.361458,
9.508354,
9.666875,
9.772896,
9.955312,
10.073250,
10.174563,
10.303583,
10.492521,
10.593292,
10.748062,
10.878896,
11.119938,
11.284646,
11.393313,
11.540021,
11.695729,
11.780500,
11.922917,
12.078104,
12.198375,
12.321396,
13.013479,
13.158417,
13.565771,
13.988437,
14.247125,
14.389479,
14.525729,
14.640479,
14.801479,
14.963500,
15.053583,
15.208750,
