6.064563,
6.302458,
6.534104,
6.998250,
7.199708,
7.456042,
7.666750,
7.734042,
7.920292,
8.103729,
8.372729,
8.585646,
8.837083,
9.017437,
9.293479,
9.501729,
9.744458,
9.953938,
10.230688,
10.400729,
10.674812,
10.875521,
11.129458,
11.331854,
11.598458,
11.781083,
12.042292,
12.501625,
12.670979,
13.147104,
13.407937,
13.599875,
13.884438,
14.048042,
14.323521,
14.525854,
14.780479,
14.965375,
15.237104,
15.427938,
15.691812,
15.887042,
16.163896,
16.340625,
16.611146,
16.779542,
17.056750,
17.264458,
17.327833,
17.557604,
17.684729,
17.978458,
18.170458,
18.233521,
18.586417,
18.898688,
19.056021,
19.522229,
