6.116021,
6.282083,
6.347667,
6.547625,
6.614083,
6.781292,
6.847833,
7.103000,
7.424625,
7.494521,
7.685458,
7.996375,
8.288979,
8.350146,
8.570521,
8.804333,
9.127792,
9.197125,
9.389792,
9.996271,
10.090500,
10.278375,
10.531104,
10.860312,
10.927417,
11.143354,
11.478063,
11.577563,
11.803146,
11.873188,
12.062313,
12.312563,
12.606396,
12.677500,
12.854792,
13.212646,
13.517542,
13.773750,
14.023854,
14.349104,
14.427333,
14.580729,
14.932208,
15.208292,
15.274812,
15.449104,
15.518437,
15.579854,
15.785438,
16.086354,
16.147063,
16.314312,
16.675208,
16.769875,
17.024167,
17.089938,
17.264875,
17.580917,
17.903521,
17.983812,
18.150167,
18.213875,
18.513833,
18.811958,
18.872875,
19.073187,
19.348458,
19.672750,
19.754958,
19.905833,
19.987521,
20.219833,
20.338500,
20.547062,
20.611333,
20.803937,
21.031938,
21.377271,
21.459229,
21.625146,
21.965021,
22.509458,
23.199771,
23.583896,
23.840854,
